****************************
1111111111111111111111111111
1222222222222112222222222221
1211112111112112111112111121
1311112111112112111112111131
1211112111112112111112111121
1222222222222222222222222221
1211112112111111112112111121
1211112112111111112112111121
1222222112222112222112222221
1111112111110110111112111111
0000012111110110111112100000
0000012110000000000112100000
0000012110111441110112100000
1111112110144444410112111111
0000002000144444410002000000
1111112110144444410112111111
0000012110111111110112100000
0000012110000000000112100000
0000012110111111110112100000
1222222222222112222222222221
1211112111112112111112111121
1211112111112112111112111121
1322112222222552222222112231
1112112112111111112112112111
1112112112111111112112112111
1222222112222112222112222221
1211111111112112111111111121
1211111111112112111111111121
1222222222222222222222222221
1111111111111111111111111111
****************************
****************************
1111110000000000000000111111
1222210000000000000000122221
1211211111111111111111121121
1211222222222222222222221121
1311111112111111112111111131
1211111112111111112111111121
1222222222222222222222222221
1211112112111111112112111121
1211112112111111112112111121
1222222112222112222112222221
1211112111110110111112111121
1211112111110110111112111121
0222112110000000000112112220
1112112110111441110112112111
0012112110144444410112112100
0012222000144444410002222100
0012112110144444410112112100
1112112110111111110112112111
0222112110000000000112112220
1211112111110110111112111121
1211112111110110111112111121
1222222112222112222112222221
1211112112111111112112111121
1211112112111111112112111121
1222222222222552222222222221
1211111112111111112111111121
1311111112111111112111111131
1211222222222222222222221121
1211211111111111111111121121
1222210000000000000000122221
1111110000000000000000111111
****************************

****************************
1111110000000000000000111111
1222210011111111111100122221
1211210012222222222100121121
1211210012111111112100121121
1211211112111111112111121121
1311222222222112222222221131
1211110111112112111110111121
1211110111112112111110111121
0222222222222222222222222220
1112112110111111110112112111
0012112110111111110112112100
0012112110000000000112112100
0012112110111441110112112100
1112112110144444410112112111
0002222000144444410002222000
1112112110144444410112112111
0012112110111111110112112100
0012222110000000000112222100
0011112110111111110112111100
1111112110111111110112111111
1222222222222222222222222221
1211111112111111112111111121
1211111112111111112111111121
1311222222222552222222221131
1211211211111111111121121121
1211211211111111111121121121
0222211222222222222221122220
1211111111112112111111111121
1211111111112112111111111121
1222222222222112222222222221
1111111111111111111111111111
****************************
****************************
1111111111111111111111111111
1222222222112222112222222221
1211112112112112112112111121
1211112112112112112112111121
1222232112222112222112322221
1211112111112112111112111121
1211112111112112111112111121
1211222222222112222222221121
1211211110111111110111121121
1211211110111111110111121121
0222222000000000000002222220
1211112110111441110112111121
1211112110144444410112111121
1211112110144444410112111121
1222222110144444410112222221
1011112110111111110112111101
1011112110000000000112111101
1000112110111111110112110001
1110112110111111110112110111
1110112222222112222222110111
0000112111112112111112110000
1011112111112112111112111101
1011112112222552222112111101
1222222112112112112112222221
1211211112112112112111121121
1211211112112112112111121121
1211232222112222112222321121
1211111112111111112111111121
1211111112111111112111111121
1222222222222222222222222221
1111111111111111111111111111
****************************
****************************
1111111111110110111111111111
1222222222110110112222222221
1311111112110110112111111131
1211111112110110112111111121
1222222222000110002222222221
1112111112111111112111112111
0012111112111111112111112100
0012112222222222222222112100
0012112111110110111112112100
0012112111110110111112112100
0012222000000000000002222100
0010112110111441110112110100
1110112110144444410112110111
0000112110144444410112110000
1111112110144444410112111111
1111112110111111110112111111
0000112110000000000112110000
1110112110111111110112110111
0010112110111111110112110100
0012222222222552222222222100
0012111112111111112111112100
0012111112111111112111112100
0012222112222112222112222100
0011112111112112111112111100
1111112111112112111112111111
1222222112222222222112222221
1211112112111111112112111121
1311112112111111112112111131
1222222222000110002222222221
1111111111110110111111111111
0000000000010110100000000000
****************************
